image_width: 320
image_height: 240
camera_name: left
camera_matrix:
  rows: 3
  cols: 3
  data: [1304.029146, 0.000000, 990.448476, 0.000000, 1300.360939, 515.968466, 0.000000, 0.000000, 1.000000]
distortion_model: plumb_bob
distortion_coefficients:
  rows: 1
  cols: 5
  data: [-0.386216, 0.140383, 0.004409, -0.002219, 0.000000]
rectification_matrix:
  rows: 3
  cols: 3
  data: [0.998360, -0.045357, 0.034935, 0.045312, 0.998971, 0.002076, -0.034993, -0.000489, 0.999387]
projection_matrix:
  rows: 3
  cols: 4
  data: [1289.951088, 0.000000, 874.958939, 0.000000, 0.000000, 1289.951088, 546.437374, 0.000000, 0.000000, 0.000000, 1.000000, 0.000000]
