image_width: 640
image_height: 480
camera_name: left
camera_matrix:
  rows: 3
  cols: 3
  data: [393.442886, 0.000000, 316.396309, 0.000000, 527.629636, 245.194696, 0.000000, 0.000000, 1.000000]
distortion_model: plumb_bob
distortion_coefficients:
  rows: 1
  cols: 5
  data: [-0.297615, 0.086264, -0.006647, 0.000153, 0.000000]
rectification_matrix:
  rows: 3
  cols: 3
  data: [0.919720, 0.066902, -0.386832, -0.062786, 0.997755, 0.023281, 0.387522, 0.002876, 0.921856]
projection_matrix:
  rows: 3
  cols: 4
  data: [649.830717, 0.000000, 758.397034, 0.000000, 0.000000, 649.830717, 214.621260, 0.000000, 0.000000, 0.000000, 1.000000, 0.000000]
