image_width: 320
image_height: 240
camera_name: left
camera_matrix:
  rows: 3
  cols: 3
  data: [225.826003, 0.000000, 170.235423, 0.000000, 302.560777, 116.353107, 0.000000, 0.000000, 1.000000]
distortion_model: plumb_bob
distortion_coefficients:
  rows: 1
  cols: 5
  data: [-0.380508, 0.124231, -0.001392, -0.009495, 0.000000]
rectification_matrix:
  rows: 3
  cols: 3
  data: [0.994997, 0.008482, 0.099545, -0.009047, 0.999945, 0.005227, -0.099495, -0.006101, 0.995019]
projection_matrix:
  rows: 3
  cols: 4
  data: [294.081451, 0.000000, 126.699184, 0.000000, 0.000000, 294.081451, 115.697273, 0.000000, 0.000000, 0.000000, 1.000000, 0.000000]
