image_width: 320
image_height: 240
camera_name: left
camera_matrix:
  rows: 3
  cols: 3
  data: [220.501902, 0.000000, 161.128732, 0.000000, 295.161136, 119.838802, 0.000000, 0.000000, 1.000000]
distortion_model: plumb_bob
distortion_coefficients:
  rows: 1
  cols: 5
  data: [-0.377372, 0.137398, -0.003643, -0.002721, 0.000000]
rectification_matrix:
  rows: 3
  cols: 3
  data: [0.997904, 0.008937, 0.064086, -0.009348, 0.999938, 0.006124, -0.064028, -0.006710, 0.997926]
projection_matrix:
  rows: 3
  cols: 4
  data: [284.160707, 0.000000, 129.425322, 0.000000, 0.000000, 284.160707, 118.174007, 0.000000, 0.000000, 0.000000, 1.000000, 0.000000]
