image_width: 320
image_height: 240
camera_name: left
camera_matrix:
  rows: 3
  cols: 3
  data: [224.12527,   0.     , 163.50569,
           0.     , 298.99365, 124.05618,
           0.     ,   0.     ,   1.     ]
distortion_model: plumb_bob
distortion_coefficients:
  rows: 1
  cols: 5
  data: [-0.366492, 0.131390, 0.003942, 0.002818, 0.000000]
rectification_matrix:
  rows: 3
  cols: 3
  data: [ 0.96991977, -0.02257566, -0.2423757 ,
          0.0204853 ,  0.99972807, -0.0111415 ,
          0.24256132,  0.00584122,  0.97011849]
projection_matrix:
  rows: 3
  cols: 4
  data: [306.37919,   0.     , 283.52062,   0.     ,
           0.     , 306.37919, 131.00384,   0.     ,
           0.     ,   0.     ,   1.     ,   0.     ]
