image_width: 1280
image_height: 720
camera_name: left
camera_matrix:
  rows: 3
  cols: 3
  data: [ 901.65045,    0.     ,  695.89579,
            0.     ,  907.78138,  359.46417,
            0.     ,    0.     ,    1.     ]
distortion_model: plumb_bob
distortion_coefficients:
  rows: 1
  cols: 5
  data: [-0.379567, 0.150186, 0.005721, -0.005452, 0.000000]
rectification_matrix:
  rows: 3
  cols: 3
  data: [ 0.99551285,  0.03384525,  0.0883667 ,
         -0.03399252,  0.99942207,  0.00016189,
         -0.08831015, -0.00316497,  0.996088  ]
projection_matrix:
  rows: 3
  cols: 4
  data: [ 877.42844,    0.     ,  562.22726,    0.     ,
            0.     ,  877.42844,  367.71714,    0.     ,
            0.     ,    0.     ,    1.     ,    0.     ]
