image_width: 1280
image_height: 720
camera_name: left
camera_matrix:
  rows: 3
  cols: 3
  data: [907.91127,   0.     , 604.06352,
           0.     , 906.83626, 390.59699,
           0.     ,   0.     ,   1.     ]
camera_model: plumb_bob
distortion_coefficients:
  rows: 1
  cols: 5
  data: [-0.391252, 0.163859, -0.005408, 0.004813, 0.000000]
rectification_matrix:
  rows: 3
  cols: 3
  data: [ 0.99300094, -0.00822023, -0.11782007,
          0.00780606,  0.99996163, -0.00397631,
          0.11784823,  0.00302877,  0.993027  ]
projection_matrix:
  rows: 3
  cols: 4
  data: [896.45054,   0.     , 764.25062,   0.     ,
           0.     , 896.45054, 388.10495,   0.     ,
           0.     ,   0.     ,   1.     ,   0.     ]

