image_width: 320
image_height: 240
camera_name: left
camera_matrix:
  rows: 3
  cols: 3
  data: [244.429325, 0.000000, 165.897763, 0.000000, 325.915464, 123.820184, 0.000000, 0.000000, 1.000000]
distortion_model: plumb_bob
distortion_coefficients:
  rows: 1
  cols: 5
  data: [-0.412729, 0.153568, -0.000334, -0.003140, 0.000000]
rectification_matrix:
  rows: 3
  cols: 3
  data: [0.920705, 0.002779, 0.390251, -0.008226, 0.999891, 0.012287, -0.390174, -0.014523, 0.920627]
projection_matrix:
  rows: 3
  cols: 4
  data: [343.984335, 0.000000, -82.478912, 0.000000, 0.000000, 343.984335, 132.359158, 0.000000, 0.000000, 0.000000, 1.000000, 0.000000]
