image_width: 320
image_height: 240
camera_name: right
camera_matrix:
  rows: 3
  cols: 3
  data: [231.318831, 0.000000, 152.641652, 0.000000, 308.097601, 127.750465, 0.000000, 0.000000, 1.000000]
distortion_model: plumb_bob
distortion_coefficients:
  rows: 1
  cols: 5
  data: [-0.373994, 0.139767, 0.000333, -0.001028, 0.000000]
rectification_matrix:
  rows: 3
  cols: 3
  data: [0.918165, 0.031804, 0.394919, -0.026285, 0.999467, -0.019379, -0.395324, 0.007413, 0.918512]
projection_matrix:
  rows: 3
  cols: 4
  data: [343.984335, 0.000000, -82.478912, -22.005200, 0.000000, 343.984335, 132.359158, 0.000000, 0.000000, 0.000000, 1.000000, 0.000000]
