image_width: 320
image_height: 240
camera_name: right
camera_matrix:
  rows: 3
  cols: 3
  data: [223.530916, 0.000000, 162.038856, 0.000000, 298.909254, 118.283092, 0.000000, 0.000000, 1.000000]
distortion_model: plumb_bob
distortion_coefficients:
  rows: 1
  cols: 5
  data: [-0.378272, 0.137125, 0.000916, -0.002117, 0.000000]
rectification_matrix:
  rows: 3
  cols: 3
  data: [0.997975, 0.006016, 0.063321, -0.005609, 0.999962, -0.006601, -0.063359, 0.006233, 0.997971]
projection_matrix:
  rows: 3
  cols: 4
  data: [284.160707, 0.000000, 129.425322, -16.623746, 0.000000, 284.160707, 118.174007, 0.000000, 0.000000, 0.000000, 1.000000, 0.000000]
