image_width: 1280
image_height: 720
camera_name: right
camera_matrix:
  rows: 3
  cols: 3
  data: [ 879.81628,    0.     ,  631.55074,
            0.     ,  877.90835,  349.78586,
            0.     ,    0.     ,    1.     ]
camera_model: plumb_bob
distortion_coefficients:
  rows: 1
  cols: 5
  data: [-0.359859, 0.129457, 0.002187, 0.006292, 0.000000]
rectification_matrix:
  rows: 3
  cols: 3
  data: [ 0.99680464,  0.0451326 ,  0.06590573,
         -0.04374539,  0.99879285, -0.02234257,
         -0.06683455,  0.0193881 ,  0.99757568]
projection_matrix:
  rows: 3
  cols: 4
  data: [ 869.23405,    0.     ,  590.64311,  -46.17111,
            0.     ,  869.23405,  366.70978,    0.     ,
            0.     ,    0.     ,    1.     ,    0.     ]
