image_width: 1280
image_height: 720
camera_name: right
camera_matrix:
  rows: 3
  cols: 3
  data: [ 911.43902,    0.     ,  674.74696,
            0.     ,  914.29415,  365.37436,
            0.     ,    0.     ,    1.     ]
distortion_model: plumb_bob
distortion_coefficients:
  rows: 1
  cols: 5
  data: [-0.374960, 0.127904, -0.000372, -0.002388, 0.000000]
rectification_matrix:
  rows: 3
  cols: 3
  data: [ 0.99541202,  0.01286463,  0.09481247,
         -0.01270654,  0.99991669, -0.00227096,
         -0.09483379,  0.00105581,  0.99549256]
projection_matrix:
  rows: 3
  cols: 4
  data: [ 877.42844,    0.     ,  562.22726,  -48.58602,
            0.     ,  877.42844,  367.71714,    0.     ,
            0.     ,    0.     ,    1.     ,    0.     ]
