image_width: 1280
image_height: 720
camera_name: right
camera_matrix:
  rows: 3
  cols: 3
  data: [935.14307,   0.     , 620.65919,
           0.     , 932.02901, 398.37732,
           0.     ,   0.     ,   1.     ]
camera_model: plumb_bob
distortion_coefficients:
  rows: 1
  cols: 5
  data: [-0.397349, 0.154127, -0.004348, 0.004203, 0.000000]
rectification_matrix:
  rows: 3
  cols: 3
  data: [ 0.99413297, -0.00792457, -0.10787415,
          0.00830358,  0.99996083,  0.00306465,
          0.10784563, -0.00394241,  0.99415983]
projection_matrix:
  rows: 3
  cols: 4
  data: [896.45054,   0.     , 764.25062, -48.59953,
           0.     , 896.45054, 388.10495,   0.     ,
           0.     ,   0.     ,   1.     ,   0.     ]

