image_width: 752
image_height: 480
camera_name: right
camera_matrix:
  rows: 3
  cols: 3
  data: [539.551055, 0.000000, 414.246727, 0.000000, 612.233691, 226.196697, 0.000000, 0.000000, 1.000000]
distortion_model: plumb_bob
distortion_coefficients:
  rows: 1
  cols: 5
  data: [-0.366376, 0.132750, 0.000150, -0.007624, 0.000000]
rectification_matrix:
  rows: 3
  cols: 3
  data: [0.969135, -0.051258, 0.241142, 0.048030, 0.998660, 0.019250, -0.241806, -0.007074, 0.970299]
projection_matrix:
  rows: 3
  cols: 4
  data: [671.408773, 0.000000, 176.309061, -39.834733, 0.000000, 671.408773, 212.536057, 0.000000, 0.000000, 0.000000, 1.000000, 0.000000]
