image_width: 800
image_height: 600
camera_name: right
camera_matrix:
  rows: 3
  cols: 3
  data: [556.66939,   0.     , 402.50992,
           0.     , 741.65684, 304.22578,
           0.     ,   0.     ,   1.     ]
camera_model: plumb_bob
distortion_coefficients:
  rows: 1
  cols: 5
  data: [-0.394982, 0.162894, 0.002350, -0.001648, 0.000000]
rectification_matrix:
  rows: 3
  cols: 3
  data: [ 0.99967835, -0.00220518, -0.02526515,
          0.00201935,  0.99997074, -0.00737829,
          0.02528068,  0.00732489,  0.99965356]
projection_matrix:
  rows: 3
  cols: 4
  data: [704.41879,   0.     , 419.01768, -36.86134,
           0.     , 704.41879, 306.11043,   0.     ,
           0.     ,   0.     ,   1.     ,   0.     ]

