image_width: 320
image_height: 240
camera_name: right
camera_matrix:
  rows: 3
  cols: 3
  data: [223.401364, 0.000000, 161.232191, 0.000000, 297.556234, 124.851974, 0.000000, 0.000000, 1.000000]
distortion_model: plumb_bob
distortion_coefficients:
  rows: 1
  cols: 5
  data: [-0.390714, 0.159344, -0.002090, -0.002267, 0.000000]
rectification_matrix:
  rows: 3
  cols: 3
  data: [0.988569, 0.058607, -0.138916, -0.058599, 0.998273, 0.004148, 0.138919, 0.004040, 0.990296]
projection_matrix:
  rows: 3
  cols: 4
  data: [296.195350, 0.000000, 215.261782, -18.019714, 0.000000, 296.195350, 120.768448, 0.000000, 0.000000, 0.000000, 1.000000, 0.000000]
